  0   0 103  49   0   0   0 147   0  44   1   0   0   0   0   4   0   0   0   0   0   0   0   0   0   0   0   0   0   0   0   0   0   0   0   0   0   0   0   0 
  3   0   2   0   1  20   6   1   7   4  16  14   3  19  81  66   1   5   0   0  13   3   0   0   4  26   0   0   0   0   0   0   5  25   3   0   8   0   7   5 
 67   0   0 157   0   0   0  91   0  15   0   0   2   0   0  11   0   0   2   0   0   0   0   1   0   0   1   0   0   0   0   0   0   0   0   1   0   0   0   0 
 44   0 161   0   2   0   5  61   0  31   0   0  10   8   0  19   0   0   0   0   0   0   0   1   0   0   0   0   0   0   0   0   0   0   0   2   4   0   0   0 
  0   0   0   0   0 173  69   0  24   0  46   0   0   0  30   3   0   0   0   1   0   0   1   0   0   0   0   0   0   0   0   0   0   0   0   0   0   0   0   1 
  0   1   0   0 163   0  74   2  34   0  35   0   0   0  39   0   0   0   0   0   0   0   0   0   0   0   0   0   0   0   0   0   0   0   0   0   0   0   0   0 
  0   0   0   2  36 103   0   0 119   6  32   5   2   5  29   2   0   0   0   0   0   0   0   0   0   0   0   0   0   0   0   0   0   0   0   0   0   0   0   7 
148   2 124  57   1   0   0   0   0  12   0   0   0   0   0   2   0   0   0   0   0   0   0   0   0   0   1   0   0   0   0   0   0   0   0   0   0   1   0   0 
  0   0   0   0  20  84 131   0   0  13  22  11   2  15  40   8   0   0   0   0   0   0   0   0   0   0   0   0   0   0   0   0   0   0   0   0   0   0   1   1 
 72   0  18  43   0   0   9  17  19   0   5   4  15   0   0 137   0   0   0   0   0   0   0   2   0   0   1   0   0   0   0   0   0   0   0   0   0   6   0   0 
  3   2   0   0  53 130  79   0  46   5   0   0   0   0  23   6   0   0   0   0   0   0   0   0   0   0   0   1   0   0   0   0   0   0   0   0   0   0   0   0 
  0  20   0   0   2   4  18   0  37   6   0   0 108 129  10   1   0   0   0   0   2   0   0   0   0   0   0   0   0   1   0   0   0   0   0   0   0   0   5   5 
  4   4   3   9   0   0  10   2  22  43   0 103   0 119   7   5   0   0   0   0   0   2   0   0   0   0   0   0   5   2   0   0   0   3   0   0   0   0   5   0 
  0   9   0   2   2   4  22   0  38   1   1 113  80   0  48   4   0   0   0   0   4   1   0   0   0   0   0   0   0   0   0   0   0   0   0   2   0   0  15   2 
  0  22   0   0  42 124  36   0  47   1   7   0   0  22   0  47   0   0   0   0   0   0   0   0   0   0   0   0   0   0   0   0   0   0   0   0   0   0   0   0 
 18  11  15  22   8  45   4   2  18 103   3   0   0   3  88   0   0   0   2   0   0   0   0   2   0   0   0   0   0   0   0   0   0   0   0   0   0   4   0   0 
  0   0   0   0   0   0   0   0   5   0   0   0   2   0   0   0   0 156  42   3  48   3  38   3   0   0   0   0   0   0  13   6   1   0  23   0   0   0   5   0 
  0   0   0   0   0   0   0   0   0   0   0   0   0   0   0   0 132   0  43   7  50   3  52   5   0   2   0   0   0   0   0   9   2   0  39   0   2   0   2   0 
  0   0   0   0   0   0   0   0   0   0   0   0   0   2   0   0  25  57   0   3  17   6  30 105   0   1   0   0   0   0   0  36   0   0   0  27   3  36   0   0 
  0   0   0   0   1   0   0   0   0   0   0   0   0   0   2   0  17  17   3   0  45  48  85   0   1   1   0  11   0   0   0   0   5   1  45   3   0   0   3  60 
  0   0   0   0   0   0   0   0   0   0   0   0   0   0   0   0  52  78  21  25   0  72   5   9   0   0   0   0  25   3   0   1   5   2   8   1   0   4  37   0 
  0   0   0   0   0   0   0   0   0   0   0   0   0   0   0   0   7  12  15  24 101   0   2  12   0   0   1   1  64  15   0   0   0   8   1  50  10   1  24   0 
  0   0   0   0   3   2   0   0   0   0   0   0   0   0   0   0  47  66  28  46   6   0   0 105   0   1   0   5   0   0   1   8   0   0  17   0   0   0   0  13 
  0   0   0   0   0   0   0   0   0   0   0   0   0   0   0   2   6  12 120   0   6   4 109   0   0   2   3   0   0   3   2  29   0   0   2  15  20  13   0   0 
  2   2   0   0   0   0   1   0   2   0   0   0   0   0   3   3   7   2   0   2   1   0   3   0   0 153   3 102   0   0   0   0  42   0  11   0   0   0   0   9 
  0  10   0   0   0   0   1   0   0   0   0   1   0   0   0   0  11  17   0   1   0   0   0   1 155   0   1  75   0   0   2   0  34   0  25   2   0   2   0  10 
  0   0  11   2   0   0   0   0   0   0   0   0   0   0   0   1   7   0  12   0   0   4   0  16   0   0   0  18   0  15 108 119   7   4   0  10  14   0   0   0 
  0   0   1   0   0   1   0   0   0   0   0   0   0   0   0   0   4   1   2   6   2   2   8   1 130  62   6   0   3   2   1   0  61   0  25   7   0   0   0  23 
  0   0   0   0   0   0   0   0   0   0   0   2   0   0   0   0   1   1   2   0  36  63   0   0   0   0   0   1   0 172   0   1   7   7   3  17   0   9  26   0 
  0   0   0   0   0   0   0   0   0   0   0   0   0   0   0   0   0   1   1   0  38  63   0   0   0   0   3   3 168   0   2   3   3   5   1  24   1  13  19   0 
  0   0   0   0   0   0   0   0   1   0   0   0   0   0   0   0  32   4  19   0   1   0  11   4   3   2  84   7   1   7   0 154  12   0   0   1   1   0   0   4 
  0   0   0   0   0   0   0   0   0   0   0   0   0   0   0   0  15  17  72   3   1   0   8  36   0   0  54   2   4   9 108   0  15   0   0   2   1   1   0   0 
  0   0   0   0   0   0   2   0   0   0   0   0   0   0   0   0  20  22   0   8  24   0   2   0  35  21   6  66   8   9   9  15   0   9  46   1   0   0   0  45 
  0  28   0   0   0   0   0   0   0   0   0   0   4   0   0   0   0   0   0   5  36 104   0   1   5   1   1   7  46  17   0   0  13   0   3   8  21   1  35  12 
  0   0   0   0   0   1   0   0   0   0   0   0   0   0   0   2  43 110   0  14  20   4  16   0   0  12   0   2   1   0   0   0   7   0   0  58   3   0  21  34 
  0   2   2   1   0   0   0   0   0   0   0   0   0   2   0   2   2   2  30   0   3  41   0   9   3   2   2   2   5   2   0   0   0   2  61   0  98  61  10   4 
  0   4   9   6   0   0   0   3   0   1   0   0   2   3   0   2   0   0  22   2   2   9   7  45   0   3   7   0   0   3   0   2   1   4  19 140   0  32   0  20 
  3   0   3   3   0   0   2   0   0   6   0   0   0   0   0  10   0   3  59   0   2   3   1  27   0   2   0   0  19   2   0   4   0   0   9  97  23   0  70   0 
  0   3   0   0   0   0   1   0   0   0   0   3   2   1   2   0   5   8   5   2  88  57   0   0   0   0   0   0  39   4   0   0   0  10  34  25   0  57   0   2 
  0   1   0   0   1   3  26   0   8   1   0   2   0   1   0   3  15   3   0  29   7   0  12   0   5   4   0  13   0   0   0   0  68   0  90  16  28   0  12   0 
